673160914
 1988301851
 96716906
 2020224833
 173227365
 933588178
 972986443
 557852069
 1121995389
 1489069214
 37437133
 52776856
 1119773348
 2010967478
 124600120
 1932261706
 2119229152
 544872872
 1941233899
 542633820
 1275163755
 967267111
 1449286615
 1611130611
 392086626
 2004162758
 1880202770
 299833549
 500188744
 934451750
 1931770397
 1839514529
 443690917
 1545847340
 427826250
 1621861310
 511358444
 591449447
 1149755604
 431918286
 1311507783
 606179079
 1500869201
 482267630
 833603892
 790860165
 224899100
 227364154
 2095021727
 